007,12,13,12,12,-0.0000,S,-0.0000,W,0,0,0,0,0,0,,0.00,  0.00,44330.00
007,1605,1276,1084,1383,-0.0000,S,-0.0000,W,0,0,0,0,0,0,  0.00,32.08,950.44,534.49
007,736,762,1042,614,-0.0000,S,-0.0000,W,0,0,0,0,0,0,  0.00,33.15,950.48,534.19
007,6,5,5,5,-0.0000,S,-0.0000,W,0,0,0,0,0,0,  0.00,34.38,950.59,533.18
007,15,16,15,16,-0.0000,S,-0.0000,W,0,0,0,0,0,0,  0.00,33.07,950.52,533.83
007,17,17,16,17,-0.0000,S,-0.0000,W,0,0,0,0,0,0,,0.00,  0.00,44330.00
007,17,18,17,17,-0.0000,S,-0.0000,W,0,0,0,0,0,0,,0.00,  0.00,44330.00
007,13,13,12,12,-0.0000,S,-0.0000,W,0,0,0,0,0,0,  0.00,,1031.26,-150.94
007,19,19,18,18,-0.0000,S,-0.0000,W,0,0,0,0,0,0,  0.00,35.77,950.32,535.54
007,12,12,11,12,-0.0000,S,-0.0000,W,0,0,0,0,0,0,,0.00,  0.00,44330.00
007,13,375,13,208,-0.0000,S,-0.0000,W,0,0,0,0,0,0,,0.00,  0.00,44330.00
007,166,1139,288,705,-0.0000,S,-0.0000,W,0,0,0,0,0,0,,0.00,  0.00,44330.00
007,1448,1125,980,1189,-0.0000,S,-0.0000,W,0,0,0,0,0,0,,0.00,  0.00,44330.00
007,1439,1141,967,1241,-0.0000,S,-0.0000,W,0,0,0,0,0,0,,0.00,  0.00,44330.00
007,1429,1126,951,1222,-0.0000,S,-0.0000,W,0,0,0,0,0,0,,0.00,  0.00,44330.00
007,1413,1116,950,1204,-0.0000,S,-0.0000,W,0,0,0,0,0,0,,0.00,  0.00,44330.00
007,1350,1070,915,1146,-0.0000,S,-0.0000,W,0,0,0,0,0,0,,0.00,  0.00,44330.00
007,1336,1060,900,1135,-0.0000,S,-0.0000,W,0,0,0,0,0,0,,0.00,  0.00,44330.00
007,1354,1067,907,1155,-0.0000,S,-0.0000,W,0,0,0,0,0,0,,0.00,  0.00,44330.00
007,1311,1036,886,1116,-0.0000,S,-0.0000,W,0,0,0,0,0,0,,0.00,  0.00,44330.00
007,1277,1007,862,1088,-0.0000,S,-0.0000,W,0,0,0,0,0,0,,0.00,  0.00,44330.00
007,1263,991,842,1073,-0.0000,S,-0.0000,W,0,0,0,0,0,0,,0.00,  0.00,44330.00
007,1237,967,824,1057,-0.0000,S,-0.0000,W,0,0,0,0,0,0,,0.00,  0.00,44330.00
007,1194,940,803,1004,-0.0000,S,-0.0000,W,0,0,0,0,0,0,,0.00,  0.00,44330.00
007,1180,931,786,1010,-0.0000,S,-0.0000,W,0,0,0,0,0,0,,0.00,  0.00,44330.00
007,1133,896,760,984,-0.0000,S,-0.0000,W,0,0,0,0,0,0,,0.00,  0.00,44330.00
007,1123,881,739,957,-0.0000,S,-0.0000,W,0,0,0,0,0,0,,0.00,  0.00,44330.00
007,1077,846,712,922,-0.0000,S,-0.0000,W,0,0,0,0,0,0,,0.00,  0.00,44330.00
007,1048,826,692,899,-0.0000,S,-0.0000,W,0,0,0,0,0,0,,0.00,  0.00,44330.00
007,195,221,674,875,-0.0000,S,-0.0000,W,0,0,0,0,0,0,,0.00,  0.00,44330.00
007,12,10,9,10,-0.0000,S,-0.0000,W,0,0,0,0,0,0,,0.00,  0.00,44330.00
007,7,6,6,6,-0.0000,S,-0.0000,W,0,0,0,0,0,0,  0.00,  NAN,   NAN,   NAN
007,8,9,8,9,-0.0000,S,-0.0000,W,0,0,0,0,0,0,  0.00,28.26,949.44,543.30
007,11,12,11,11,-0.0000,S,-0.0000,W,0,0,0,0,0,0,  0.00,27.65,949.44,543.31
007,9,10,9,10,-0.0000,S,-0.0000,W,0,0,0,0,0,0,  0.00,27.33,949.43,543.38
007,8,6,6,6,-0.0000,S,-0.0000,W,0,0,0,0,0,0,  0.00,27.01,949.39,543.75
007,7,7,6,6,-0.0000,S,-0.0000,W,0,0,0,0,0,0,  0.00,26.79,949.43,543.34
007,11,10,10,9,-0.0000,S,-0.0000,W,0,0,0,0,0,0,  0.00,26.59,949.53,542.48
007,514,428,355,476,-0.0000,S,-0.0000,W,0,0,0,0,0,0,  0.00,26.90,949.60,541.89
007,14,14,13,14,-0.0000,S,-0.0000,W,0,0,0,0,0,0,  0.00,26.30,949.51,542.69
007,12,13,12,12,-0.0000,S,-0.0000,W,0,0,0,0,0,0,  0.00,25.90,949.52,542.58
007,13,12,12,12,-0.0000,S,-0.0000,W,0,0,0,0,0,0,  0.00,25.48,949.55,542.29
007,7,6,6,7,-0.0000,S,-0.0000,W,0,0,0,0,0,0,  0.00,25.18,949.67,541.22
007,11,11,10,11,-0.0000,S,-0.0000,W,0,0,0,0,0,0,  0.00,24.99,949.76,540.48
007,12,13,11,12,-0.0000,S,-0.0000,W,0,0,0,0,0,0,  0.00,24.72,949.78,540.29
007,12,14,12,13,-0.0000,S,-0.0000,W,0,0,0,0,0,0,  0.00,24.52,949.82,539.94
007,7,8,7,7,-0.0000,S,-0.0000,W,0,0,0,0,0,0,  0.00,24.37,949.80,540.14
007,13,10,9,10,-0.0000,S,-0.0000,W,0,0,0,0,0,0,  0.00,24.23,950.00,538.38
007,14,14,13,13,-0.0000,S,-0.0000,W,0,0,0,0,0,0,  0.00,24.04,950.13,537.23
007,8,9,8,9,-0.0000,S,-0.0000,W,0,0,0,0,0,0,  0.00,23.78,950.09,537.55
007,8,6,5,5,-0.0000,S,-0.0000,W,0,0,0,0,0,0,  0.00,23.47,950.14,537.11
007,15,17,16,16,-0.0000,S,-0.0000,W,0,0,0,0,0,0,  0.00,23.26,950.22,536.45
007,7,7,7,7,-0.0000,S,-0.0000,W,0,0,0,0,0,0,  0.00,23.09,950.25,536.15
007,11,10,10,10,-0.0000,S,-0.0000,W,0,0,0,0,0,0,  0.00,22.92,950.35,535.27
007,10,9,9,9,-0.0000,S,-0.0000,W,0,0,0,0,0,0,  0.00,22.70,950.48,534.11
007,11,12,11,11,-0.0000,S,-0.0000,W,0,0,0,0,0,0,  0.00,22.50,950.61,532.97
007,7,6,5,6,-0.0000,S,-0.0000,W,0,0,0,0,0,0,  0.00,22.25,950.51,533.92
007,7,6,6,6,-0.0000,S,-0.0000,W,0,0,0,0,0,0,  0.00,21.89,950.61,533.01
007,9,9,9,9,-0.0000,S,-0.0000,W,0,0,0,0,0,0,  0.00,21.61,950.67,532.49
007,12,11,10,10,-0.0000,S,-0.0000,W,0,0,0,0,0,0,  0.00,21.49,950.80,531.34
007,11,11,11,11,-0.0000,S,-0.0000,W,0,0,0,0,0,0,  0.00,21.24,950.88,530.67
007,8,6,6,5,-0.0000,S,-0.0000,W,0,0,0,0,0,0,  0.00,20.96,951.00,529.56
007,637,509,413,567,-0.0000,S,-0.0000,W,0,0,0,0,0,0,  0.00,23.51,948.44,552.08
007,707,547,453,601,-0.0000,S,-0.0000,W,0,0,0,0,0,0,  0.00,24.05,948.53,551.31
007,5,5,4,5,-0.0000,S,-0.0000,W,0,0,0,0,0,0,  0.00,24.22,948.50,551.56
007,5,5,4,5,-0.0000,S,-0.0000,W,0,0,0,0,0,0,  0.00,24.68,948.52,551.34
007,1206,924,751,895,-0.0000,S,-0.0000,W,0,0,0,0,0,0,  0.00,25.03,948.43,552.13
007,896,707,582,760,-0.0000,S,-0.0000,W,0,0,0,0,0,0,  0.00,25.31,948.43,552.12
007,938,742,611,791,-0.0000,S,-0.0000,W,0,0,0,0,0,0,  0.00,25.59,948.41,552.28
007,987,761,641,835,-0.0000,S,-0.0000,W,0,0,0,0,0,0,  0.00,25.48,948.48,551.75
007,5,5,5,5,-0.0000,S,-0.0000,W,0,0,0,0,0,0,  0.00,24.98,948.43,552.17
007,1065,832,691,864,-0.0000,S,-0.0000,W,0,0,0,0,0,0,  0.00,24.82,948.52,551.37
007,5,5,5,5,-0.0000,S,-0.0000,W,0,0,0,0,0,0,  0.00,25.87,948.55,551.08
007,6,5,5,5,-0.0000,S,-0.0000,W,0,0,0,0,0,0,  0.00,27.26,948.40,552.45
007,1184,932,776,1000,-0.0000,S,-0.0000,W,0,0,0,0,0,0,  0.00,28.30,948.30,553.25
007,6,5,5,5,-0.0000,S,-0.0000,W,0,0,0,0,0,0,  0.00,28.78,948.30,553.30
007,1251,983,823,1054,-0.0000,S,-0.0000,W,0,0,0,0,0,0,  0.00,27.87,948.33,553.05
007,1253,971,833,1076,-0.0000,S,-0.0000,W,0,0,0,0,0,0,  0.00,27.55,948.25,553.76
007,1305,1031,948,1103,-0.0000,S,-0.0000,W,0,0,0,0,0,0,  0.00,28.13,948.29,553.34
007,1322,1039,870,1120,-0.0000,S,-0.0000,W,0,0,0,0,0,0,  0.00,28.78,948.20,554.12
007,1374,1059,911,1208,-0.0000,S,-0.0000,W,0,0,0,0,0,0,  0.00,28.91,948.13,554.77
007,6,5,5,5,-0.0000,S,-0.0000,W,0,0,0,0,0,0,  0.00,29.79,948.21,554.10
007,6,5,5,5,-0.0000,S,-0.0000,W,0,0,0,0,0,0,  0.00,30.51,948.04,555.58
007,1448,1134,949,1212,-0.0000,S,-0.0000,W,0,0,0,0,0,0,  0.00,29.95,948.01,555.84
007,1450,1146,958,1219,-0.0000,S,-0.0000,W,0,0,0,0,0,0,  0.00,30.05,948.04,555.55
007,6,5,5,5,-0.0000,S,-0.0000,W,0,0,0,0,0,0,  0.00,30.69,947.98,556.11
007,1494,1177,985,1256,-0.0000,S,-0.0000,W,0,0,0,0,0,0,  0.00,32.02,947.92,556.65
007,1519,1190,1004,1280,-0.0000,S,-0.0000,W,0,0,0,0,0,0,  0.00,33.29,947.92,556.62
007,1537,1209,1087,1293,-0.0000,S,-0.0000,W,0,0,0,0,0,0,  0.00,34.05,947.85,557.22
007,1558,1220,1028,1315,-0.0000,S,-0.0000,W,0,0,0,0,0,0,  0.00,34.37,947.90,556.77
007,1575,1239,1049,1335,-0.0000,S,-0.0000,W,0,0,0,0,0,0,  0.00,35.04,947.82,557.54
007,1595,1254,1065,1347,-0.0000,S,-0.0000,W,0,0,0,0,0,0,  0.00,35.39,947.80,557.65
007,1601,1261,1062,1356,-0.0000,S,-0.0000,W,0,0,0,0,0,0,  0.00,34.98,947.81,557.63
007,1628,1283,1127,1448,-0.0000,S,-0.0000,W,0,0,0,0,0,0,  0.00,34.61,947.87,557.08
007,1638,1299,1091,1379,-0.0000,S,-0.0000,W,0,0,0,0,0,0,  0.00,34.90,947.86,557.11
007,1632,1286,1184,1371,-0.0000,S,-0.0000,W,0,0,0,0,0,0,  0.00,35.44,947.76,557.99
007,1631,1295,1092,1379,-0.0000,S,-0.0000,W,0,0,0,0,0,0,  0.00,36.62,947.72,558.35
007,1659,1308,1106,1402,-0.0000,S,-0.0000,W,0,0,0,0,0,0,  0.00,35.20,947.69,558.65
007,1674,1320,1135,1443,-0.0000,S,-0.0000,W,0,0,0,0,0,0,,0.00,  0.00,44330.00
007,1686,1335,1139,1450,-0.0000,S,-0.0000,W,0,0,0,0,0,0,,0.00,  0.00,44330.00
007,1715,1363,1169,1479,-0.0000,S,-0.0000,W,0,0,0,0,0,0,,0.00,  0.00,44330.00
007,1727,1367,1175,1490,-0.0000,S,-0.0000,W,0,0,0,0,0,0,,0.00,  0.00,44330.00
007,1719,1368,1173,1484,-0.0000,S,-0.0000,W,0,0,0,0,0,0,,0.00,  0.00,44330.00
007,1733,1377,1178,1494,-0.0000,S,-0.0000,W,0,0,0,0,0,0,,0.00,  0.00,44330.00
007,1763,1391,1195,1508,-0.0000,S,-0.0000,W,0,0,0,0,0,0,,0.00,  0.00,44330.00
007,1753,1392,1190,1500,-0.0000,S,-0.0000,W,0,0,0,0,0,0,,0.00,  0.00,44330.00
007,1750,1395,1188,1508,-0.0000,S,-0.0000,W,0,0,0,0,0,0,,0.00,  0.00,44330.00
007,1767,1405,1199,1516,-0.0000,S,-0.0000,W,0,0,0,0,0,0,,0.00,  0.00,44330.00
007,1763,1403,1208,1498,-0.0000,S,-0.0000,W,0,0,0,0,0,0,,0.00,  0.00,44330.00
007,1780,1404,1212,1521,-0.0000,S,-0.0000,W,0,0,0,0,0,0,,0.00,  0.00,44330.00
007,1799,1428,1219,1538,-0.0000,S,-0.0000,W,0,0,0,0,0,0,,0.00,  0.00,44330.00
007,1806,1430,1233,1546,-0.0000,S,-0.0000,W,0,0,0,0,0,0,,0.00,  0.00,44330.00
007,1809,1432,1227,1554,-0.0000,S,-0.0000,W,0,0,0,0,0,0,,0.00,  0.00,44330.00
007,1822,1438,1241,1566,-0.0000,S,-0.0000,W,0,0,0,0,0,0,,0.00,  0.00,44330.00
007,1814,1437,1237,1553,-0.0000,S,-0.0000,W,0,0,0,0,0,0,,0.00,  0.00,44330.00
007,1808,1430,1233,1548,-0.0000,S,-0.0000,W,0,0,0,0,0,0,,0.00,  0.00,44330.00
007,1800,1426,1241,1556,-0.0000,S,-0.0000,W,0,0,0,0,0,0,,0.00,  0.00,44330.00
007,1819,1439,1243,1566,-0.0000,S,-0.0000,W,0,0,0,0,0,0,,0.00,  0.00,44330.00
007,1834,1457,1254,1587,-0.0000,S,-0.0000,W,0,0,0,0,0,0,,0.00,  0.00,44330.00
007,1800,1435,1240,1551,-0.0000,S,-0.0000,W,0,0,0,0,0,0,,0.00,  0.00,44330.00
007,1811,1451,1240,1565,-0.0000,S,-0.0000,W,0,0,0,0,0,0,,0.00,  0.00,44330.00
007,1792,1436,1228,1543,-0.0000,S,-0.0000,W,0,0,0,0,0,0,,0.00,  0.00,44330.00
007,1820,1439,1239,1558,-0.0000,S,-0.0000,W,0,0,0,0,0,0,,0.00,  0.00,44330.00
007,1843,1459,1252,1569,-0.0000,S,-0.0000,W,0,0,0,0,0,0,,0.00,  0.00,44330.00
007,1833,1453,1241,1560,-0.0000,S,-0.0000,W,0,0,0,0,0,0,,0.00,  0.00,44330.00
007,1854,1471,1263,1585,-0.0000,S,-0.0000,W,0,0,0,0,0,0,,0.00,  0.00,44330.00
007,1850,1474,1276,1584,-0.0000,S,-0.0000,W,0,0,0,0,0,0,,0.00,  0.00,44330.00
007,1864,1480,1267,1603,-0.0000,S,-0.0000,W,0,0,0,0,0,0,,0.00,  0.00,44330.00
007,1845,1459,1263,1578,-0.0000,S,-0.0000,W,0,0,0,0,0,0,  0.00,  NAN,   NAN,   NAN
007,1860,1485,1279,1605,-0.0000,S,-0.0000,W,0,0,0,0,0,0,,0.00,  0.00,44330.00
007,1847,1468,1263,1585,-0.0000,S,-0.0000,W,0,0,0,0,0,0,  0.00,  NAN,   NAN,   NAN
007,1887,1492,1291,1615,-0.0000,S,-0.0000,W,0,0,0,0,0,0,  0.00,  NAN,   NAN,   NAN
007,1875,1491,1307,1610,-0.0000,S,-0.0000,W,0,0,0,0,0,0,  0.00,39.71,946.50,569.12
007,1869,1501,1281,1614,-0.0000,S,-0.0000,W,0,0,0,0,0,0,  0.00,40.46,946.54,568.75
007,1907,1511,1299,1628,-0.0000,S,-0.0000,W,0,0,0,0,0,0,  0.00,40.07,946.55,568.66
007,1910,1515,1296,1631,-0.0000,S,-0.0000,W,0,0,0,0,0,0,  0.00,39.60,946.41,569.88
007,1907,1499,1726,1614,-0.0000,S,-0.0000,W,0,0,0,0,0,0,  0.00,40.52,946.39,570.11
007,1896,1500,1298,1627,-0.0000,S,-0.0000,W,0,0,0,0,0,0,  0.00,41.36,946.43,569.71
007,1899,1510,1304,1635,-0.0000,S,-0.0000,W,0,0,0,0,0,0,  0.00,40.17,946.32,570.72
007,1905,1500,1307,1632,-0.0000,S,-0.0000,W,0,0,0,0,0,0,  0.00,40.31,946.27,571.17
007,1882,1495,1283,1611,-0.0000,S,-0.0000,W,0,0,0,0,0,0,  0.00,39.56,946.14,572.24
007,1868,1476,1276,1600,-0.0000,S,-0.0000,W,0,0,0,0,0,0,  0.00,40.42,946.15,572.21
007,2463,1510,1310,1725,-0.0000,S,-0.0000,W,0,0,0,0,0,0,  0.00,40.31,946.20,571.71
007,1824,1437,1254,1562,-0.0000,S,-0.0000,W,0,0,0,0,0,0,  0.00,38.71,946.04,573.18
007,1773,1428,1224,1539,-0.0000,S,-0.0000,W,0,0,0,0,0,0,  0.00,39.49,946.01,573.42
007,1813,1434,1240,1563,-0.0000,S,-0.0000,W,0,0,0,0,0,0,  0.00,39.84,946.08,572.82
007,1820,1445,1243,1566,-0.0000,S,-0.0000,W,0,0,0,0,0,0,  0.00,39.78,946.04,573.15
007,1813,1447,1239,1558,-0.0000,S,-0.0000,W,0,0,0,0,0,0,  0.00,40.17,945.96,573.83
007,1792,1431,1233,1542,-0.0000,S,-0.0000,W,0,0,0,0,0,0,  0.00,40.43,945.93,574.11
007,1799,1419,1213,1533,-0.0000,S,-0.0000,W,0,0,0,0,0,0,  0.00,40.46,945.76,575.65
007,1782,1411,1335,1517,-0.0000,S,-0.0000,W,0,0,0,0,0,0,  0.00,39.76,945.73,575.90
007,1769,1400,1211,1500,-0.0000,S,-0.0000,W,0,0,0,0,0,0,  0.00,38.98,945.67,576.45
007,1797,1424,1215,1527,-0.0000,S,-0.0000,W,0,0,0,0,0,0,  0.00,39.62,945.76,575.66
007,1772,1405,1196,1517,-0.0000,S,-0.0000,W,0,0,0,0,0,0,  0.00,38.19,945.66,576.52
007,1750,1392,1187,1497,-0.0000,S,-0.0000,W,0,0,0,0,0,0,  0.00,37.25,945.55,577.46
007,1724,1373,1169,1479,-0.0000,S,-0.0000,W,0,0,0,0,0,0,  0.00,36.95,945.54,577.59
007,1702,1355,1159,1463,-0.0000,S,-0.0000,W,0,0,0,0,0,0,  0.00,37.49,945.53,577.68
007,1719,1356,1161,1470,-0.0000,S,-0.0000,W,0,0,0,0,0,0,  0.00,37.53,945.42,578.65
007,1478,1117,1068,1151,-0.0000,S,-0.0000,W,0,0,0,0,0,0,  0.00,37.15,945.32,579.51
007,12,13,12,12,-0.0000,S,-0.0000,W,0,0,0,0,0,0,  0.00,38.33,945.42,578.64
007,17,19,17,18,-0.0000,S,-0.0000,W,0,0,0,0,0,0,  0.00,38.96,945.32,579.47
007,13,14,13,13,-0.0000,S,-0.0000,W,0,0,0,0,0,0,  0.00,39.20,945.27,579.97
007,18,19,18,18,-0.0000,S,-0.0000,W,0,0,0,0,0,0,  0.00,38.20,945.17,580.80
007,15,16,15,15,-0.0000,S,-0.0000,W,0,0,0,0,0,0,  0.00,38.10,945.24,580.23
007,16,17,16,17,-0.0000,S,-0.0000,W,0,0,0,0,0,0,  0.00,39.02,945.10,581.46
007,17,18,17,17,-0.0000,S,-0.0000,W,0,0,0,0,0,0,  0.00,38.75,945.07,581.70
007,19,650,17,422,-0.0000,S,-0.0000,W,0,0,0,0,0,0,  0.00,38.83,944.98,582.45
007,176,803,327,483,-0.0000,S,-0.0000,W,0,0,0,0,0,0,  0.00,38.59,945.02,582.17
007,1519,1197,1025,1305,-0.0000,S,-0.0000,W,0,0,0,0,0,0,  0.00,38.26,945.03,582.03
007,1432,1133,969,1224,-0.0000,S,-0.0000,W,0,0,0,0,0,0,  0.00,38.01,944.90,583.17
007,1426,1125,964,1221,-0.0000,S,-0.0000,W,0,0,0,0,0,0,  0.00,38.16,944.90,583.16
007,1396,1106,943,1206,-0.0000,S,-0.0000,W,0,0,0,0,0,0,  0.00,37.75,944.88,583.38
007,1383,1104,932,1184,-0.0000,S,-0.0000,W,0,0,0,0,0,0,  0.00,37.41,944.79,584.18
007,1393,1091,926,1175,-0.0000,S,-0.0000,W,0,0,0,0,0,0,  0.00,36.72,944.79,584.15
007,1370,1049,911,1137,-0.0000,S,-0.0000,W,0,0,0,0,0,0,  0.00,37.16,944.72,584.81
007,1320,1040,888,1126,-0.0000,S,-0.0000,W,0,0,0,0,0,0,  0.00,36.35,944.80,584.11
007,1287,1017,861,1088,-0.0000,S,-0.0000,W,0,0,0,0,0,0,  0.00,35.99,944.73,584.69
007,1273,998,844,1072,-0.0000,S,-0.0000,W,0,0,0,0,0,0,  0.00,35.15,944.73,584.69
007,1260,992,844,1070,-0.0000,S,-0.0000,W,0,0,0,0,0,0,  0.00,34.57,944.77,584.37
007,1229,966,816,1037,-0.0000,S,-0.0000,W,0,0,0,0,0,0,  0.00,34.47,944.89,583.27
007,1198,938,799,1011,-0.0000,S,-0.0000,W,0,0,0,0,0,0,  0.00,34.31,944.78,584.22
007,1167,916,773,993,-0.0000,S,-0.0000,W,0,0,0,0,0,0,  0.00,33.32,944.84,583.75
007,1150,905,769,973,-0.0000,S,-0.0000,W,0,0,0,0,0,0,  0.00,33.09,944.70,584.93
007,1099,863,739,944,-0.0000,S,-0.0000,W,0,0,0,0,0,0,  0.00,32.78,944.72,584.74
007,240,284,696,902,-0.0000,S,-0.0000,W,0,0,0,0,0,0,  0.00,32.05,944.70,584.93
007,7,6,6,6,-0.0000,S,-0.0000,W,0,0,0,0,0,0,  0.00,31.71,944.73,584.66
007,7,7,6,6,-0.0000,S,-0.0000,W,0,0,0,0,0,0,  0.00,30.30,944.78,584.24
007,9,11,10,10,-0.0000,S,-0.0000,W,0,0,0,0,0,0,  0.00,29.20,944.71,584.84
007,8,9,9,9,-0.0000,S,-0.0000,W,0,0,0,0,0,0,  0.00,28.82,944.83,583.82
007,9,9,8,9,-0.0000,S,-0.0000,W,0,0,0,0,0,0,  0.00,28.34,944.68,585.16
007,10,11,10,11,-0.0000,S,-0.0000,W,0,0,0,0,0,0,  0.00,27.88,944.74,584.63
007,8,9,8,9,-0.0000,S,-0.0000,W,0,0,0,0,0,0,  0.00,27.60,944.78,584.25
007,7,6,6,6,-0.0000,S,-0.0000,W,0,0,0,0,0,0,  0.00,27.54,944.89,583.33
007,585,477,367,529,-0.0000,S,-0.0000,W,0,0,0,0,0,0,  0.00,27.91,944.87,583.42
007,10,10,10,10,-0.0000,S,-0.0000,W,0,0,0,0,0,0,  0.00,27.40,944.91,583.12
007,8,9,8,9,-0.0000,S,-0.0000,W,0,0,0,0,0,0,  0.00,26.89,944.93,582.90
007,13,14,13,13,-0.0000,S,-0.0000,W,0,0,0,0,0,0,  0.00,26.67,945.03,582.03
007,11,11,9,10,-0.0000,S,-0.0000,W,0,0,0,0,0,0,  0.00,26.41,945.02,582.11
007,11,10,9,9,-0.0000,S,-0.0000,W,0,0,0,0,0,0,  0.00,26.14,944.97,582.55
007,9,9,8,9,-0.0000,S,-0.0000,W,0,0,0,0,0,0,  0.00,25.86,945.21,580.43
007,9,10,9,10,-0.0000,S,-0.0000,W,0,0,0,0,0,0,  0.00,25.57,945.22,580.42
007,7,6,6,6,-0.0000,S,-0.0000,W,0,0,0,0,0,0,  0.00,25.43,945.34,579.32
007,7,6,5,6,-0.0000,S,-0.0000,W,0,0,0,0,0,0,  0.00,25.28,945.30,579.64
007,8,9,8,8,-0.0000,S,-0.0000,W,0,0,0,0,0,0,  0.00,25.05,945.54,577.54
007,7,6,6,6,-0.0000,S,-0.0000,W,0,0,0,0,0,0,  0.00,24.74,945.67,576.43
007,7,6,6,6,-0.0000,S,-0.0000,W,0,0,0,0,0,0,  0.00,24.46,945.82,575.09
007,11,12,11,11,-0.0000,S,-0.0000,W,0,0,0,0,0,0,  0.00,24.24,945.85,574.79
007,8,8,8,8,-0.0000,S,-0.0000,W,0,0,0,0,0,0,  0.00,23.95,945.98,573.70
007,11,11,10,10,-0.0000,S,-0.0000,W,0,0,0,0,0,0,  0.00,23.74,945.97,573.76
007,8,9,9,9,-0.0000,S,-0.0000,W,0,0,0,0,0,0,  0.00,23.46,945.99,573.62
007,12,12,12,12,-0.0000,S,-0.0000,W,0,0,0,0,0,0,  0.00,23.22,946.08,572.77
007,7,6,5,5,-0.0000,S,-0.0000,W,0,0,0,0,0,0,  0.00,22.91,946.21,571.70
007,8,7,7,7,-0.0000,S,-0.0000,W,0,0,0,0,0,0,  0.00,22.75,946.27,571.11
007,9,9,8,9,-0.0000,S,-0.0000,W,0,0,0,0,0,0,  0.00,22.50,946.32,570.67
007,9,9,8,9,-0.0000,S,-0.0000,W,0,0,0,0,0,0,  0.00,22.30,946.52,568.90
007,14,15,14,14,-0.0000,S,-0.0000,W,0,0,0,0,0,0,  0.00,22.05,946.47,569.39
007,7,6,6,6,-0.0000,S,-0.0000,W,0,0,0,0,0,0,  0.00,21.67,946.63,567.93
007,557,423,354,483,-0.0000,S,-0.0000,W,0,0,0,0,0,0,  0.00,23.72,946.27,571.10
007,615,471,384,525,-0.0000,S,-0.0000,W,0,0,0,0,0,0,  0.00,24.20,946.28,571.07
007,658,510,425,557,-0.0000,S,-0.0000,W,0,0,0,0,0,0,  0.00,24.86,946.35,570.39
007,711,550,452,613,-0.0000,S,-0.0000,W,0,0,0,0,0,0,  0.00,25.25,946.36,570.35
007,762,595,492,634,-0.0000,S,-0.0000,W,0,0,0,0,0,0,  0.00,25.56,946.34,570.54
007,803,624,515,678,-0.0000,S,-0.0000,W,0,0,0,0,0,0,  0.00,25.99,946.31,570.79
007,6,5,5,5,-0.0000,S,-0.0000,W,0,0,0,0,0,0,  0.00,26.16,946.32,570.72
007,876,697,576,754,-0.0000,S,-0.0000,W,0,0,0,0,0,0,  0.00,27.01,946.37,570.27
007,935,735,603,802,-0.0000,S,-0.0000,W,0,0,0,0,0,0,  0.00,26.67,946.48,569.27
007,917,736,634,687,-0.0000,S,-0.0000,W,0,0,0,0,0,0,  0.00,26.30,946.48,569.31
007,1002,780,719,883,-0.0000,S,-0.0000,W,0,0,0,0,0,0,  0.00,26.84,946.52,568.91
007,1047,813,992,844,-0.0000,S,-0.0000,W,0,0,0,0,0,0,  0.00,27.45,946.62,568.04
007,6,5,5,5,-0.0000,S,-0.0000,W,0,0,0,0,0,0,  0.00,27.96,946.50,569.14
007,1111,855,726,940,-0.0000,S,-0.0000,W,0,0,0,0,0,0,  0.00,28.51,946.45,569.54
007,1140,888,748,954,-0.0000,S,-0.0000,W,0,0,0,0,0,0,  0.00,28.96,946.46,569.43
007,1337,982,920,1164,-0.0000,S,-0.0000,W,0,0,0,0,0,0,  0.00,29.11,946.45,569.59
007,1186,915,794,1017,-0.0000,S,-0.0000,W,0,0,0,0,0,0,  0.00,29.55,946.38,570.14
007,1245,980,899,1049,-0.0000,S,-0.0000,W,0,0,0,0,0,0,  0.00,29.93,946.39,570.06
007,1265,992,836,1048,-0.0000,S,-0.0000,W,0,0,0,0,0,0,  0.00,28.88,946.51,569.05
007,1301,1017,861,1105,-0.0000,S,-0.0000,W,0,0,0,0,0,0,  0.00,29.65,946.41,569.93
007,1391,1112,956,1134,-0.0000,S,-0.0000,W,0,0,0,0,0,0,  0.00,30.86,946.44,569.65
007,1363,1072,901,1147,-0.0000,S,-0.0000,W,0,0,0,0,0,0,  0.00,31.44,946.36,570.34
007,1309,1005,916,1161,-0.0000,S,-0.0000,W,0,0,0,0,0,0,  0.00,31.92,946.33,570.62
007,1411,1103,927,1185,-0.0000,S,-0.0000,W,0,0,0,0,0,0,  0.00,31.94,946.37,570.25
007,1425,1120,1064,1209,-0.0000,S,-0.0000,W,0,0,0,0,0,0,  0.00,32.24,946.36,570.35
007,1450,1144,959,1223,-0.0000,S,-0.0000,W,0,0,0,0,0,0,  0.00,32.53,946.31,570.79
007,1470,1161,977,1245,-0.0000,S,-0.0000,W,0,0,0,0,0,0,  0.00,32.45,946.30,570.87
007,1505,1174,995,1260,-0.0000,S,-0.0000,W,0,0,0,0,0,0,  0.00,31.65,946.27,571.18
007,1515,1195,1005,1272,-0.0000,S,-0.0000,W,0,0,0,0,0,0,  0.00,32.54,946.22,571.53
007,1543,1201,1018,1295,-0.0000,S,-0.0000,W,0,0,0,0,0,0,  0.00,33.39,946.25,571.32
007,1552,1223,1029,1309,-0.0000,S,-0.0000,W,0,0,0,0,0,0,  0.00,32.65,946.25,571.35
007,1563,1235,1067,1321,-0.0000,S,-0.0000,W,0,0,0,0,0,0,  0.00,33.31,946.27,571.15
007,1600,1248,1054,1339,-0.0000,S,-0.0000,W,0,0,0,0,0,0,  0.00,33.53,946.16,572.08
007,1593,1257,1068,1352,-0.0000,S,-0.0000,W,0,0,0,0,0,0,  0.00,34.21,946.13,572.40
007,1618,1271,1122,1363,-0.0000,S,-0.0000,W,0,0,0,0,0,0,  0.00,34.04,946.08,572.84
007,1624,1281,1084,1379,-0.0000,S,-0.0000,W,0,0,0,0,0,0,  0.00,33.94,946.09,572.72
007,1644,1295,1108,1405,-0.0000,S,-0.0000,W,0,0,0,0,0,0,  0.00,35.30,946.19,571.88
007,1648,1306,1120,1409,-0.0000,S,-0.0000,W,0,0,0,0,0,0,  0.00,36.19,946.17,571.99
007,1658,1315,1132,1430,-0.0000,S,-0.0000,W,0,0,0,0,0,0,  0.00,36.45,946.18,571.93
007,1676,1320,1135,1433,-0.0000,S,-0.0000,W,0,0,0,0,0,0,  0.00,35.18,946.18,571.90
007,1681,1335,1144,1446,-0.0000,S,-0.0000,W,0,0,0,0,0,0,,0.00,  0.00,44330.00
007,1696,1337,1151,1450,-0.0000,S,-0.0000,W,0,0,0,0,0,0,  0.00,33.27,946.12,572.46
007,1714,1346,1157,1461,-0.0000,S,-0.0000,W,0,0,0,0,0,0,,0.00,  0.00,44330.00
007,1713,1361,1166,1471,-0.0000,S,-0.0000,W,0,0,0,0,0,0,,0.00,  0.00,44330.00
007,1723,1358,1174,1476,-0.0000,S,-0.0000,W,0,0,0,0,0,0,,0.00,  0.00,44330.00
007,1727,1379,1180,1478,-0.0000,S,-0.0000,W,0,0,0,0,0,0,,0.00,  0.00,44330.00
007,1732,1372,1191,1495,-0.0000,S,-0.0000,W,0,0,0,0,0,0,,0.00,  0.00,44330.00
007,1739,1389,1191,1503,-0.0000,S,-0.0000,W,0,0,0,0,0,0,,0.00,  0.00,44330.00
007,1745,1382,1192,1498,-0.0000,S,-0.0000,W,0,0,0,0,0,0,,0.00,  0.00,44330.00
007,1760,1400,1197,1504,-0.0000,S,-0.0000,W,0,0,0,0,0,0,,0.00,  0.00,44330.00
007,1770,1404,1208,1511,-0.0000,S,-0.0000,W,0,0,0,0,0,0,,0.00,  0.00,44330.00
007,1772,1404,1207,1522,-0.0000,S,-0.0000,W,0,0,0,0,0,0,,0.00,  0.00,44330.00
007,1776,1413,1215,1522,-0.0000,S,-0.0000,W,0,0,0,0,0,0,,0.00,  0.00,44330.00
007,1797,1420,1223,1531,-0.0000,S,-0.0000,W,0,0,0,0,0,0,,0.00,  0.00,44330.00
007,1820,1430,1231,1547,-0.0000,S,-0.0000,W,0,0,0,0,0,0,,0.00,  0.00,44330.00
007,1800,1435,1230,1547,-0.0000,S,-0.0000,W,0,0,0,0,0,0,,0.00,  0.00,44330.00
007,1804,1425,1231,1539,-0.0000,S,-0.0000,W,0,0,0,0,0,0,,0.00,  0.00,44330.00
007,1802,1430,1228,1551,-0.0000,S,-0.0000,W,0,0,0,0,0,0,,0.00,  0.00,44330.00
007,1793,1429,1225,1534,-0.0000,S,-0.0000,W,0,0,0,0,0,0,,0.00,  0.00,44330.00
007,1800,1425,1230,1539,-0.0000,S,-0.0000,W,0,0,0,0,0,0,,0.00,  0.00,44330.00
007,1805,1434,1237,1557,-0.0000,S,-0.0000,W,0,0,0,0,0,0,  0.00,38.88,946.31,570.77
007,1803,1432,1230,1542,-0.0000,S,-0.0000,W,0,0,0,0,0,0,  0.00,38.74,946.32,570.73
007,1800,1427,1238,1544,-0.0000,S,-0.0000,W,0,0,0,0,0,0,  0.00,38.84,946.36,570.32
007,1824,1449,1239,1551,-0.0000,S,-0.0000,W,0,0,0,0,0,0,  0.00,38.03,946.43,569.77
007,1818,1435,1299,1555,-0.0000,S,-0.0000,W,0,0,0,0,0,0,  0.00,38.53,946.32,570.74
007,1820,1438,1242,1563,-0.0000,S,-0.0000,W,0,0,0,0,0,0,  0.00,37.59,946.27,571.15
007,1809,1443,1240,1572,-0.0000,S,-0.0000,W,0,0,0,0,0,0,  0.00,36.15,946.28,571.04
007,1830,1443,1236,1545,-0.0000,S,-0.0000,W,0,0,0,0,0,0,  0.00,35.73,946.18,571.92
007,1828,1446,1238,1555,-0.0000,S,-0.0000,W,0,0,0,0,0,0,  0.00,  NAN,   NAN,   NAN
007,1822,1449,1246,1549,-0.0000,S,-0.0000,W,0,0,0,0,0,0,  0.00,  NAN,   NAN,   NAN
007,1836,1443,1242,1550,-0.0000,S,-0.0000,W,0,0,0,0,0,0,  0.00,  NAN,   NAN,   NAN
007,1811,1427,1228,1534,-0.0000,S,-0.0000,W,0,0,0,0,0,0,  0.00,35.85,946.25,571.30
007,1815,1437,1233,1538,-0.0000,S,-0.0000,W,0,0,0,0,0,0,  0.00,35.55,946.13,572.39
007,1795,1429,1223,1535,-0.0000,S,-0.0000,W,0,0,0,0,0,0,  0.00,36.15,946.15,572.21
007,1799,1431,1229,1542,-0.0000,S,-0.0000,W,0,0,0,0,0,0,  0.00,35.86,946.17,572.02
007,1792,1418,1219,1485,-0.0000,S,-0.0000,W,0,0,0,0,0,0,  0.00,35.04,946.14,572.27
007,1797,1423,1217,1536,-0.0000,S,-0.0000,W,0,0,0,0,0,0,  0.00,35.63,946.09,572.72
007,1792,1419,1224,1520,-0.0000,S,-0.0000,W,0,0,0,0,0,0,  0.00,34.79,946.11,572.55
007,1772,1415,1243,1506,-0.0000,S,-0.0000,W,0,0,0,0,0,0,  0.00,34.45,946.12,572.49
007,1770,1410,1215,1509,-0.0000,S,-0.0000,W,0,0,0,0,0,0,  0.00,35.56,946.05,573.08
007,1777,1403,1211,1510,-0.0000,S,-0.0000,W,0,0,0,0,0,0,  0.00,35.21,946.08,572.80
007,1782,1404,1203,1511,-0.0000,S,-0.0000,W,0,0,0,0,0,0,  0.00,35.42,946.10,572.66
007,1771,1402,1208,1505,-0.0000,S,-0.0000,W,0,0,0,0,0,0,  0.00,35.62,946.17,572.03
007,1740,1388,1195,1487,-0.0000,S,-0.0000,W,0,0,0,0,0,0,  0.00,35.46,946.14,572.27
007,1726,1371,1183,1476,-0.0000,S,-0.0000,W,0,0,0,0,0,0,  0.00,33.36,946.12,572.43
007,1720,1371,1170,1468,-0.0000,S,-0.0000,W,0,0,0,0,0,0,  0.00,33.28,946.19,571.84
007,1701,1347,1160,1444,-0.0000,S,-0.0000,W,0,0,0,0,0,0,  0.00,33.57,946.31,570.77
007,1681,1333,1591,1437,-0.0000,S,-0.0000,W,0,0,0,0,0,0,  0.00,35.30,946.31,570.77
007,1647,1310,1120,1398,-0.0000,S,-0.0000,W,0,0,0,0,0,0,  0.00,35.23,946.21,571.64
007,1625,1292,1103,1384,-0.0000,S,-0.0000,W,0,0,0,0,0,0,  0.00,34.30,946.20,571.72
007,1635,1298,1102,1396,-0.0000,S,-0.0000,W,0,0,0,0,0,0,  0.00,33.70,946.27,571.15
007,1618,1287,1090,1373,-0.0000,S,-0.0000,W,0,0,0,0,0,0,  0.00,32.78,946.21,571.64
007,6,5,5,5,-0.0000,S,-0.0000,W,0,0,0,0,0,0,  0.00,31.74,946.17,572.03
007,1601,1263,1082,1356,-0.0000,S,-0.0000,W,0,0,0,0,0,0,  0.00,31.29,946.29,570.99
007,1598,1261,1074,1357,-0.0000,S,-0.0000,W,0,0,0,0,0,0,  0.00,31.38,946.33,570.59
007,10,7,7,7,-0.0000,S,-0.0000,W,0,0,0,0,0,0,  0.00,31.46,946.28,571.06
007,1555,1220,1051,1325,-0.0000,S,-0.0000,W,0,0,0,0,0,0,  0.00,31.07,946.37,570.27
007,18,19,18,18,-0.0000,S,-0.0000,W,0,0,0,0,0,0,  0.00,31.34,946.35,570.39
007,15,16,15,16,-0.0000,S,-0.0000,W,0,0,0,0,0,0,  0.00,31.90,946.32,570.73
007,17,17,16,16,-0.0000,S,-0.0000,W,0,0,0,0,0,0,  0.00,31.85,946.19,571.86
007,13,14,13,13,-0.0000,S,-0.0000,W,0,0,0,0,0,0,  0.00,31.86,946.20,571.75
007,18,17,16,16,-0.0000,S,-0.0000,W,0,0,0,0,0,0,  0.00,31.63,946.34,570.49
007,14,15,14,14,-0.0000,S,-0.0000,W,0,0,0,0,0,0,  0.00,31.62,946.23,571.45
007,17,17,16,17,-0.0000,S,-0.0000,W,0,0,0,0,0,0,  0.00,30.83,946.35,570.44
007,12,943,13,564,-0.0000,S,-0.0000,W,0,0,0,0,0,0,  0.00,30.49,946.32,570.69
007,74,1082,214,694,-0.0000,S,-0.0000,W,0,0,0,0,0,0,  0.00,30.28,946.38,570.13
007,1376,1089,925,1170,-0.0000,S,-0.0000,W,0,0,0,0,0,0,  0.00,31.11,946.30,570.91
007,1347,1057,910,1150,-0.0000,S,-0.0000,W,0,0,0,0,0,0,  0.00,30.95,946.33,570.58
007,1321,1046,900,1143,-0.0000,S,-0.0000,W,0,0,0,0,0,0,  0.00,31.76,946.23,571.53
007,1351,1067,895,1149,-0.0000,S,-0.0000,W,0,0,0,0,0,0,  0.00,32.51,946.30,570.86
007,1348,1073,901,1156,-0.0000,S,-0.0000,W,0,0,0,0,0,0,  0.00,32.02,946.31,570.79
007,6,5,5,5,-0.0000,S,-0.0000,W,0,0,0,0,0,0,  0.00,31.74,946.32,570.72
007,6,5,5,5,-0.0000,S,-0.0000,W,0,0,0,0,0,0,  0.00,31.69,946.16,572.10
007,1303,1027,877,1118,-0.0000,S,-0.0000,W,0,0,0,0,0,0,  0.00,31.24,946.30,570.83
007,6,5,5,5,-0.0000,S,-0.0000,W,0,0,0,0,0,0,  0.00,31.02,946.18,571.94
007,1273,1000,848,1088,-0.0000,S,-0.0000,W,0,0,0,0,0,0,  0.00,31.35,946.21,571.68
007,1237,983,834,1062,-0.0000,S,-0.0000,W,0,0,0,0,0,0,  0.00,30.96,946.30,570.86
007,6,5,5,5,-0.0000,S,-0.0000,W,0,0,0,0,0,0,  0.00,30.77,946.30,570.85
007,1198,941,800,1030,-0.0000,S,-0.0000,W,0,0,0,0,0,0,  0.00,30.18,946.36,570.31
007,1163,912,775,992,-0.0000,S,-0.0000,W,0,0,0,0,0,0,  0.00,30.10,946.48,569.30
007,1136,894,749,947,-0.0000,S,-0.0000,W,0,0,0,0,0,0,  0.00,29.08,946.33,570.60
007,1096,862,719,924,-0.0000,S,-0.0000,W,0,0,0,0,0,0,  0.00,29.48,946.35,570.39
007,1050,819,699,896,-0.0000,S,-0.0000,W,0,0,0,0,0,0,  0.00,29.22,946.45,569.59
007,593,384,663,854,-0.0000,S,-0.0000,W,0,0,0,0,0,0,  0.00,28.16,946.37,570.27
007,14,6,404,450,-0.0000,S,-0.0000,W,0,0,0,0,0,0,  0.00,27.65,946.41,569.87
007,10,11,9,10,-0.0000,S,-0.0000,W,0,0,0,0,0,0,  0.00,27.07,946.55,568.63
007,7,7,6,7,-0.0000,S,-0.0000,W,0,0,0,0,0,0,  0.00,26.09,946.67,567.63
007,7,6,6,6,-0.0000,S,-0.0000,W,0,0,0,0,0,0,  0.00,25.40,946.63,567.98
007,9,9,9,10,-0.0000,S,-0.0000,W,0,0,0,0,0,0,  0.00,25.08,946.72,567.13
007,9,10,9,10,-0.0000,S,-0.0000,W,0,0,0,0,0,0,  0.00,24.72,946.77,566.77
007,8,6,6,6,-0.0000,S,-0.0000,W,0,0,0,0,0,0,  0.00,24.67,946.90,565.61
007,12,13,11,12,-0.0000,S,-0.0000,W,0,0,0,0,0,0,  0.00,24.64,946.93,565.37
007,524,391,332,445,-0.0000,S,-0.0000,W,0,0,0,0,0,0,  0.00,24.97,946.93,565.30
007,8,9,8,9,-0.0000,S,-0.0000,W,0,0,0,0,0,0,  0.00,24.76,947.12,563.67
007,9,10,9,10,-0.0000,S,-0.0000,W,0,0,0,0,0,0,  0.00,24.29,947.18,563.16
007,8,6,6,6,-0.0000,S,-0.0000,W,0,0,0,0,0,0,  0.00,23.94,947.21,562.83
007,11,12,11,11,-0.0000,S,-0.0000,W,0,0,0,0,0,0,  0.00,23.73,947.25,562.49
007,8,6,6,6,-0.0000,S,-0.0000,W,0,0,0,0,0,0,  0.00,23.42,947.37,561.43
007,12,12,11,11,-0.0000,S,-0.0000,W,0,0,0,0,0,0,  0.00,23.27,947.48,560.51
007,11,12,11,11,-0.0000,S,-0.0000,W,0,0,0,0,0,0,  0.00,23.22,947.48,560.48
007,12,11,11,11,-0.0000,S,-0.0000,W,0,0,0,0,0,0,  0.00,22.94,947.47,560.62
007,8,6,6,6,-0.0000,S,-0.0000,W,0,0,0,0,0,0,  0.00,22.58,947.46,560.69
007,11,11,10,10,-0.0000,S,-0.0000,W,0,0,0,0,0,0,  0.00,22.30,947.55,559.91
007,8,6,6,6,-0.0000,S,-0.0000,W,0,0,0,0,0,0,  0.00,21.93,947.56,559.78
007,13,13,13,13,-0.0000,S,-0.0000,W,0,0,0,0,0,0,  0.00,21.62,947.64,559.11
007,10,9,9,9,-0.0000,S,-0.0000,W,0,0,0,0,0,0,  0.00,21.44,947.66,558.93
007,9,9,8,9,-0.0000,S,-0.0000,W,0,0,0,0,0,0,  0.00,21.19,947.73,558.29
007,8,9,8,8,-0.0000,S,-0.0000,W,0,0,0,0,0,0,  0.00,20.97,947.76,558.01
007,11,10,9,10,-0.0000,S,-0.0000,W,0,0,0,0,0,0,  0.00,20.72,947.89,556.85
007,8,6,6,6,-0.0000,S,-0.0000,W,0,0,0,0,0,0,  0.00,20.49,947.97,556.20
007,9,9,8,9,-0.0000,S,-0.0000,W,0,0,0,0,0,0,  0.00,20.26,948.07,555.28
007,10,10,10,10,-0.0000,S,-0.0000,W,0,0,0,0,0,0,  0.00,20.01,948.27,553.58
007,8,9,8,8,-0.0000,S,-0.0000,W,0,0,0,0,0,0,  0.00,19.68,948.23,553.86
007,13,14,13,14,-0.0000,S,-0.0000,W,0,0,0,0,0,0,  0.00,19.38,948.22,553.97
007,11,11,10,11,-0.0000,S,-0.0000,W,0,0,0,0,0,0,  0.00,19.09,948.14,554.67
007,9,10,9,10,-0.0000,S,-0.0000,W,0,0,0,0,0,0,  0.00,18.82,948.18,554.35
007,12,15,13,14,-0.0000,S,-0.0000,W,0,0,0,0,0,0,  0.00,15.56,953.00,512.06
007,9,6,6,6,-0.0000,S,-0.0000,W,0,0,0,0,0,0,  0.00,15.96,952.97,512.35
007,9,9,8,9,-0.0000,S,-0.0000,W,0,0,0,0,0,0,  0.00,16.38,952.99,512.15
007,8,6,6,6,-0.0000,S,-0.0000,W,0,0,0,0,0,0,  0.00,16.77,952.92,512.76
007,17,15,15,15,-0.0000,S,-0.0000,W,0,0,0,0,0,0,  0.00,16.94,952.96,512.41
007,9,8,8,9,-0.0000,S,-0.0000,W,0,0,0,0,0,0,  0.00,17.01,952.96,512.44
007,9,9,8,8,-0.0000,S,-0.0000,W,0,0,0,0,0,0,  0.00,17.42,953.06,511.57
007,12,13,12,13,-0.0000,S,-0.0000,W,0,0,0,0,0,0,  0.00,17.54,953.09,511.32
007,10,11,10,11,-0.0000,S,-0.0000,W,0,0,0,0,0,0,  0.00,18.15,952.97,512.36
007,10,11,9,10,-0.0000,S,-0.0000,W,0,0,0,0,0,0,  0.00,18.91,952.96,512.47
007,9,11,9,10,-0.0000,S,-0.0000,W,0,0,0,0,0,0,  0.00,19.53,953.08,511.40
007,11,10,9,10,-0.0000,S,-0.0000,W,0,0,0,0,0,0,  0.00,19.88,953.03,511.82
007,9,10,9,9,-0.0000,S,-0.0000,W,0,0,0,0,0,0,  0.00,20.23,952.98,512.29
007,10,8,7,7,-0.0000,S,-0.0000,W,0,0,0,0,0,0,  0.00,20.18,953.03,511.78
007,10,10,9,9,-0.0000,S,-0.0000,W,0,0,0,0,0,0,  0.00,20.42,953.08,511.36
007,11,11,10,10,-0.0000,S,-0.0000,W,0,0,0,0,0,0,  0.00,20.32,953.04,511.74
007,11,11,10,10,-0.0000,S,-0.0000,W,0,0,0,0,0,0,  0.00,20.38,953.07,511.44
007,16,16,18,15,-0.0000,S,-0.0000,W,0,0,0,0,0,0,  0.00,20.59,953.08,511.40
007,14,14,13,14,-0.0000,S,-0.0000,W,0,0,0,0,0,0,  0.00,20.47,953.11,511.09
007,10,11,9,10,-0.0000,S,-0.0000,W,0,0,0,0,0,0,  0.00,20.81,953.03,511.80
007,14,16,15,15,-0.0000,S,-0.0000,W,0,0,0,0,0,0,  0.00,20.97,953.11,511.11
007,12,15,13,14,-0.0000,S,-0.0000,W,0,0,0,0,0,0,  0.00,21.34,953.06,511.53
007,8,6,6,6,-0.0000,S,-0.0000,W,0,0,0,0,0,0,  0.00,22.01,953.09,511.32
007,83,16,15,16,-0.0000,S,-0.0000,W,0,0,0,0,0,0,  0.00,22.71,953.20,510.31
007,12,11,11,11,-0.0000,S,-0.0000,W,0,0,0,0,0,0,  0.00,23.22,953.18,510.51
007,9,11,10,11,-0.0000,S,-0.0000,W,0,0,0,0,0,0,  0.00,23.32,953.10,511.25
007,9,10,9,9,-0.0000,S,-0.0000,W,0,0,0,0,0,0,  0.00,23.68,953.01,511.97
007,8,9,8,9,-0.0000,S,-0.0000,W,0,0,0,0,0,0,  0.00,24.86,953.04,511.72
007,8,6,6,6,-0.0000,S,-0.0000,W,0,0,0,0,0,0,  0.00,25.20,953.09,511.34
007,9,9,8,9,-0.0000,S,-0.0000,W,0,0,0,0,0,0,  0.00,24.31,953.13,510.96
007,16,17,16,17,-0.0000,S,-0.0000,W,0,0,0,0,0,0,  0.00,24.19,953.20,510.32
007,14,15,14,14,-0.0000,S,-0.0000,W,0,0,0,0,0,0,  0.00,25.28,953.10,511.23
007,57,40,45,44,-0.0000,S,-0.0000,W,0,0,0,0,0,0,  0.00,25.81,953.14,510.87
007,254,190,227,189,-0.0000,S,-0.0000,W,0,0,0,0,0,0,  0.00,26.22,953.13,510.97
007,721,567,488,610,-0.0000,S,-0.0000,W,0,0,0,0,0,0,  0.00,27.40,953.22,510.16
007,422,332,279,380,-0.0000,S,-0.0000,W,0,0,0,0,0,0,  0.00,27.30,953.16,510.66
007,678,518,490,598,-0.0000,S,-0.0000,W,0,0,0,0,0,0,  0.00,27.63,953.22,510.17
007,974,754,685,835,-0.0000,S,-0.0000,W,0,0,0,0,0,0,  0.00,28.64,953.18,510.51
007,3687,4014,3631,3809,33.2800,S,71.6100,W,7,10,2024,13,60,11,281.44,,1002.25,4635.34
007,1454,1147,971,1231,33.4581,S,70.6617,W,26,12,2022,16,10,50,563.50,25.11,952.95,512.55
007,1517,1194,1016,1279,33.4581,S,70.6617,W,26,12,2022,16,15,10,548.50,27.30,953.10,511.17
007,6,5,5,5,33.4581,S,70.6617,W,26,12,2022,16,20,10,551.10,30.16,953.04,511.72
007,1536,1210,1034,1306,33.4581,S,70.6618,W,26,12,2022,16,25,10,550.70,32.08,953.06,511.52
007,1507,1193,1024,1289,33.4581,S,70.6618,W,26,12,2022,16,30,10,550.90,33.44,953.08,511.40
007,1519,1190,1021,1278,33.4581,S,70.6618,W,26,12,2022,16,35,10,553.70,32.74,953.06,511.55
007,1571,1236,1075,1327,33.4581,S,70.6618,W,26,12,2022,16,40,10,551.50,31.62,953.01,511.99
007,1566,1228,1066,1334,33.4580,S,70.6618,W,26,12,2022,16,45,10,550.70,32.71,953.07,511.47
007,1546,1223,1053,1319,33.4581,S,70.6618,W,26,12,2022,16,50,10,551.70,33.67,952.84,513.47
007,1532,1213,1042,1308,33.4581,S,70.6618,W,26,12,2022,16,55,10,554.80,33.57,952.95,512.48
007,1555,1230,1049,1325,33.4581,S,70.6618,W,26,12,2022,17,0,10,555.50,32.19,953.06,511.54
007,1536,1206,1046,1306,33.4581,S,70.6618,W,26,12,2022,17,5,10,553.70,33.84,952.94,512.64
007,1269,923,892,1147,33.4581,S,70.6617,W,26,12,2022,17,10,10,551.00,32.93,953.00,512.10
007,1497,1189,1031,1267,33.4581,S,70.6618,W,26,12,2022,17,15,10,553.10,32.18,952.94,512.59
007,357,287,284,303,33.4581,S,70.6617,W,26,12,2022,17,20,10,555.10,30.75,952.95,512.51
007,1525,1186,1031,1296,33.4580,S,70.6618,W,26,12,2022,17,25,10,555.10,30.31,952.80,513.81
007,1481,1168,1023,1267,33.4581,S,70.6617,W,26,12,2022,17,30,10,553.60,32.39,952.86,513.30
007,1541,1211,1041,1310,33.4581,S,70.6617,W,26,12,2022,17,35,10,551.50,34.12,952.80,513.85
007,1531,1200,1044,1305,33.4581,S,70.6617,W,26,12,2022,17,40,10,552.60,35.93,952.88,513.12
007,1425,1006,999,1247,33.4581,S,70.6617,W,26,12,2022,17,45,10,551.40,33.31,952.91,512.83
007,1519,1209,1349,1302,33.4581,S,70.6617,W,26,12,2022,17,50,10,551.10,33.24,952.79,513.92
007,1520,1196,1032,1305,33.4581,S,70.6618,W,26,12,2022,17,55,10,545.40,35.68,952.85,513.37
007,1515,1191,1039,1299,33.4581,S,70.6618,W,26,12,2022,18,0,10,539.60,37.78,952.85,513.42
007,1480,1159,1012,1263,33.4581,S,70.6618,W,26,12,2022,18,5,10,541.50,36.18,952.72,514.56
007,134,91,108,138,33.4581,S,70.6618,W,26,12,2022,18,10,10,543.90,33.80,952.81,513.77
007,14,15,14,14,33.4581,S,70.6617,W,26,12,2022,18,15,10,546.60,30.62,952.60,515.55
007,426,339,332,383,33.4581,S,70.6617,W,26,12,2022,18,20,10,544.60,29.74,952.70,514.69
007,285,209,212,245,33.4581,S,70.6617,W,26,12,2022,18,25,10,547.60,29.59,952.73,514.43
007,12,7,15,7,33.4581,S,70.6617,W,26,12,2022,18,30,10,544.30,28.34,952.64,515.21
007,298,216,211,258,33.4581,S,70.6617,W,26,12,2022,18,35,10,547.00,28.27,952.50,516.44
007,1166,906,800,981,33.4581,S,70.6617,W,26,12,2022,18,40,10,549.00,30.69,952.45,516.91
007,1356,1071,923,1162,33.4581,S,70.6618,W,26,12,2022,18,45,10,547.80,34.08,952.39,517.41
007,424,346,661,221,33.4581,S,70.6617,W,26,12,2022,18,50,10,548.90,33.66,952.36,517.71
007,16,18,17,17,33.4581,S,70.6618,W,26,12,2022,18,55,10,556.70,30.79,952.22,518.91
007,6,5,5,5,33.4581,S,70.6618,W,26,12,2022,19,0,10,560.20,29.76,952.29,518.26
007,15,15,15,15,33.4581,S,70.6617,W,26,12,2022,19,5,10,557.90,30.97,952.25,518.68
007,18,19,18,18,33.4581,S,70.6617,W,26,12,2022,19,10,10,553.80,34.43,952.12,519.75
007,19,604,24,862,33.4581,S,70.6617,W,26,12,2022,19,15,10,548.30,35.24,952.21,519.03
007,6,6,5,5,33.4581,S,70.6617,W,26,12,2022,19,20,10,551.30,36.11,952.09,520.03
007,1360,1060,924,1167,33.4581,S,70.6617,W,26,12,2022,19,25,10,553.80,37.45,952.11,519.85
007,1270,983,856,1069,33.4581,S,70.6617,W,26,12,2022,19,30,10,557.30,36.62,952.03,520.57
007,559,439,357,485,33.4581,S,70.6617,W,26,12,2022,19,35,10,556.30,34.33,952.09,520.08
007,1192,934,784,961,33.4581,S,70.6617,W,26,12,2022,19,40,10,556.40,32.33,952.03,520.56
007,656,511,462,539,33.4581,S,70.6617,W,26,12,2022,19,45,10,558.80,32.68,952.15,519.55
007,1207,934,816,1043,33.4582,S,70.6617,W,26,12,2022,19,50,10,555.90,33.27,952.02,520.64
007,764,584,676,675,33.4581,S,70.6617,W,26,12,2022,19,55,10,551.00,32.92,952.01,520.71
007,16,17,16,16,33.4581,S,70.6617,W,26,12,2022,20,0,10,555.10,31.23,952.03,520.53
007,6,5,5,5,33.4581,S,70.6617,W,26,12,2022,20,5,10,558.60,30.10,952.06,520.29
007,580,455,397,485,33.4581,S,70.6617,W,26,12,2022,20,10,10,559.20,31.03,951.95,521.25
007,7,7,6,6,33.4581,S,70.6617,W,26,12,2022,20,15,10,559.00,32.38,951.93,521.41
007,15,15,14,15,33.4581,S,70.6617,W,26,12,2022,20,20,10,553.50,30.70,951.90,521.75
007,15,16,15,16,33.4581,S,70.6617,W,26,12,2022,20,25,10,554.00,29.46,951.95,521.25
007,10,7,7,7,33.4581,S,70.6617,W,26,12,2022,20,30,10,553.20,30.15,951.88,521.88
007,18,18,17,18,33.4581,S,70.6617,W,26,12,2022,20,35,10,552.10,29.24,951.93,521.47
007,13,15,14,14,33.4581,S,70.6617,W,26,12,2022,20,40,10,548.80,29.32,951.92,521.57
007,6,5,5,5,33.4581,S,70.6617,W,26,12,2022,20,45,10,550.40,31.13,951.86,522.05
007,18,19,17,18,33.4581,S,70.6617,W,26,12,2022,20,50,10,545.90,31.54,951.87,521.95
007,20,19,19,19,33.4581,S,70.6617,W,26,12,2022,20,55,10,546.10,29.88,951.86,522.08
007,17,17,16,17,33.4581,S,70.6617,W,26,12,2022,21,0,10,548.10,28.62,951.87,522.00
007,512,396,383,457,33.4581,S,70.6617,W,26,12,2022,21,5,10,549.20,29.49,951.82,522.43
007,756,596,501,629,33.4581,S,70.6617,W,26,12,2022,21,10,10,551.40,30.70,951.77,522.87
007,245,188,182,205,33.4581,S,70.6617,W,26,12,2022,21,15,10,554.40,31.29,951.69,523.59
007,6,5,5,5,33.4581,S,70.6617,W,26,12,2022,21,20,10,552.00,30.60,951.62,524.12
007,19,20,281,363,33.4581,S,70.6617,W,26,12,2022,21,25,10,549.00,29.51,951.76,522.94
007,18,17,17,17,33.4581,S,70.6617,W,26,12,2022,21,30,10,548.00,28.59,951.57,524.57
007,9,10,9,9,33.4581,S,70.6618,W,26,12,2022,21,35,10,558.90,28.55,951.62,524.18
007,8,7,7,6,33.4581,S,70.6618,W,26,12,2022,21,40,10,558.80,28.12,951.53,524.91
007,16,17,16,17,33.4581,S,70.6618,W,26,12,2022,21,45,10,554.30,28.00,951.57,524.60
007,12,12,11,12,33.4581,S,70.6617,W,26,12,2022,21,50,10,546.60,28.26,951.52,525.06
007,8,6,6,6,33.4581,S,70.6617,W,26,12,2022,21,55,10,546.70,27.65,951.56,524.69
007,180,101,147,146,33.4581,S,70.6617,W,26,12,2022,22,0,10,546.50,27.04,951.36,526.43
007,6,5,5,5,33.4581,S,70.6617,W,26,12,2022,22,5,10,545.40,27.16,951.46,525.57
007,10,11,10,11,33.4581,S,70.6617,W,26,12,2022,22,10,10,542.00,26.86,951.39,526.17
007,15,16,15,15,33.4581,S,70.6618,W,26,12,2022,22,15,10,541.40,26.34,951.35,526.56
007,9,10,9,9,33.4581,S,70.6618,W,26,12,2022,22,20,10,547.20,26.20,951.34,526.65
007,10,11,10,10,33.4582,S,70.6618,W,26,12,2022,22,25,10,544.90,25.98,951.40,526.06
007,9,11,10,10,33.4581,S,70.6618,W,26,12,2022,22,30,10,545.60,25.98,951.54,524.90
007,8,6,7,6,33.4581,S,70.6618,W,26,12,2022,22,35,10,543.80,25.63,951.54,524.84
007,8,7,6,7,33.4581,S,70.6618,W,26,12,2022,22,40,10,547.80,25.21,951.49,525.32
007,9,10,9,9,33.4581,S,70.6618,W,26,12,2022,22,45,10,548.60,24.91,951.53,524.94
007,11,12,11,11,33.4581,S,70.6618,W,26,12,2022,22,50,10,555.00,24.65,951.54,524.85
007,8,9,8,9,33.4581,S,70.6618,W,26,12,2022,22,55,10,552.00,24.14,951.61,524.28
007,9,7,6,6,33.4581,S,70.6618,W,26,12,2022,23,0,10,559.10,23.64,951.73,523.17
007,15,15,15,14,33.4581,S,70.6618,W,26,12,2022,23,5,10,556.80,23.36,951.78,522.78
007,12,12,11,12,33.4581,S,70.6618,W,26,12,2022,23,10,10,550.60,23.02,951.73,523.20
007,11,11,11,11,33.4581,S,70.6618,W,26,12,2022,23,15,10,548.10,22.70,951.83,522.36
007,15,16,15,15,33.4581,S,70.6618,W,26,12,2022,23,20,10,547.10,22.28,951.71,523.38
007,12,13,12,11,33.4581,S,70.6618,W,26,12,2022,23,25,10,548.80,21.89,951.92,521.57
007,10,10,10,11,33.4581,S,70.6618,W,26,12,2022,23,30,10,546.10,21.53,951.86,522.04
007,11,11,10,11,33.4581,S,70.6618,W,26,12,2022,23,35,10,555.30,21.23,951.90,521.70
007,9,7,7,7,33.4581,S,70.6618,W,26,12,2022,23,40,10,552.00,21.01,951.89,521.83
007,9,6,6,6,33.4581,S,70.6618,W,26,12,2022,23,45,10,553.30,20.72,951.89,521.79
007,12,11,11,11,33.4581,S,70.6618,W,26,12,2022,23,50,10,557.10,20.47,951.82,522.39
007,10,11,10,10,33.4581,S,70.6618,W,26,12,2022,23,55,10,561.40,20.17,952.04,520.49
007,13,14,12,13,33.4581,S,70.6618,W,27,12,2022,0,0,10,560.30,19.90,951.99,520.95
007,478,371,307,411,33.4580,S,70.6616,W,27,12,2022,11,5,10,564.80,22.41,954.41,499.75
007,5,5,5,5,33.4580,S,70.6617,W,27,12,2022,11,10,10,572.20,23.07,954.51,498.89
007,5,5,4,5,33.4580,S,70.6617,W,27,12,2022,11,15,10,572.70,23.35,954.50,498.95
007,624,461,410,548,33.4580,S,70.6617,W,27,12,2022,11,20,10,568.50,23.59,954.54,498.62
007,685,526,439,556,33.4580,S,70.6616,W,27,12,2022,11,25,10,572.30,24.01,954.74,496.83
007,6,5,5,5,33.4580,S,70.6617,W,27,12,2022,11,30,10,571.80,24.54,954.82,496.14
007,6,5,5,5,33.4581,S,70.6617,W,27,12,2022,11,35,10,563.00,25.09,954.93,495.23
007,797,611,510,673,33.4581,S,70.6618,W,27,12,2022,11,40,10,558.80,25.27,954.92,495.33
007,798,605,507,510,33.4581,S,70.6618,W,27,12,2022,11,45,10,555.30,25.36,954.91,495.37
007,827,659,560,707,33.4580,S,70.6618,W,27,12,2022,11,50,10,548.60,25.07,955.12,493.54
007,6,5,5,5,33.4581,S,70.6618,W,27,12,2022,11,55,10,549.90,24.78,955.25,492.40
007,6,5,5,5,33.4581,S,70.6618,W,27,12,2022,12,0,10,549.30,25.56,955.21,492.78
007,937,752,623,789,33.4581,S,70.6618,W,27,12,2022,12,5,10,553.00,26.46,955.25,492.44
007,908,750,645,827,33.4581,S,70.6617,W,27,12,2022,12,10,10,557.60,27.21,955.22,492.64
007,999,820,682,847,33.4581,S,70.6617,W,27,12,2022,12,15,10,557.60,28.00,955.20,492.88
007,1055,835,700,894,33.4581,S,70.6618,W,27,12,2022,12,20,10,566.90,28.42,955.28,492.16
007,6,5,5,5,33.4581,S,70.6618,W,27,12,2022,12,25,10,562.60,28.77,955.34,491.65
007,1129,876,748,928,33.4581,S,70.6618,W,27,12,2022,12,30,10,561.80,28.75,955.38,491.30
007,1234,945,979,1004,33.4581,S,70.6618,W,27,12,2022,12,35,10,556.00,29.38,955.28,492.12
007,1189,935,787,995,33.4581,S,70.6618,W,27,12,2022,12,40,10,552.90,28.93,955.31,491.87
007,6,5,5,5,33.4581,S,70.6617,W,27,12,2022,12,45,10,564.20,29.12,955.26,492.33
007,1259,984,832,1043,33.4581,S,70.6617,W,27,12,2022,12,50,10,571.00,29.19,955.29,492.03
007,6,5,5,5,33.4581,S,70.6617,W,27,12,2022,12,55,10,567.20,29.12,955.31,491.87
007,1275,920,861,1091,33.4581,S,70.6618,W,27,12,2022,13,0,10,561.00,29.84,955.19,492.93
007,1125,816,1029,1080,33.4581,S,70.6618,W,27,12,2022,13,5,10,560.50,30.57,955.25,492.37
007,1303,1016,880,1114,33.4581,S,70.6618,W,27,12,2022,13,10,10,554.90,31.27,955.30,491.95
007,1345,1031,898,1131,33.4581,S,70.6618,W,27,12,2022,13,15,10,555.00,32.46,955.32,491.80
007,1379,1071,911,1144,33.4581,S,70.6618,W,27,12,2022,13,20,10,554.50,32.91,955.28,492.14
007,6,5,5,5,33.4581,S,70.6618,W,27,12,2022,13,25,10,555.70,33.10,955.20,492.88
007,1386,1084,929,1171,33.4581,S,70.6618,W,27,12,2022,13,30,10,558.70,32.61,955.31,491.92
007,1389,1080,1129,1179,33.4581,S,70.6617,W,27,12,2022,13,35,10,563.60,33.26,955.31,491.88
007,6,6,5,5,33.4581,S,70.6617,W,27,12,2022,13,40,10,554.10,32.91,955.30,491.94
007,1428,1122,963,1200,33.4580,S,70.6617,W,27,12,2022,13,45,10,568.30,33.12,955.28,492.12
007,1414,1073,963,1196,33.4581,S,70.6618,W,27,12,2022,13,50,10,569.00,33.65,955.30,491.95
007,1458,1146,977,1223,33.4581,S,70.6617,W,27,12,2022,13,55,10,573.40,33.49,955.25,492.44
007,1443,1144,979,1213,33.4580,S,70.6617,W,27,12,2022,14,0,10,571.80,32.35,955.32,491.76
007,1471,1163,995,1249,33.4581,S,70.6618,W,27,12,2022,14,5,10,557.50,32.73,955.35,491.58
007,1495,1165,1024,1267,33.4581,S,70.6617,W,27,12,2022,14,10,10,560.60,33.26,955.35,491.58
007,1500,1192,1017,1269,33.4581,S,70.6617,W,27,12,2022,14,15,10,,0.00,  0.00,44330.00
007,1520,1206,1039,1303,33.4581,S,70.6617,W,27,12,2022,14,20,10,,0.00,  0.00,44330.00
007,1534,1195,1030,1297,33.4581,S,70.6618,W,27,12,2022,14,25,10,,0.00,  0.00,44330.00
007,1549,1221,1049,1322,33.4581,S,70.6618,W,27,12,2022,14,30,10,,0.00,  0.00,44330.00
007,1560,1229,1057,1329,33.4581,S,70.6617,W,27,12,2022,14,35,10,,0.00,  0.00,44330.00
007,1561,1224,1055,1318,33.4581,S,70.6618,W,27,12,2022,14,40,10,,0.00,  0.00,44330.00
007,1575,1251,1078,1352,33.4581,S,70.6618,W,27,12,2022,14,45,10,,0.00,  0.00,44330.00
007,1620,1272,1088,1366,33.4581,S,70.6618,W,27,12,2022,14,50,10,,0.00,  0.00,44330.00
007,1633,1281,1100,1388,33.4581,S,70.6618,W,27,12,2022,14,55,10,,0.00,  0.00,44330.00
007,1617,1280,1104,1377,33.4581,S,70.6618,W,27,12,2022,15,0,10,,0.00,  0.00,44330.00
